# x y
1.303613207109244332e-01 -4.061458930805790679e+00
5.404469157842151095e-01 -3.929066380762318289e+00
5.453500809715039477e-01 -5.279346154095261312e-01
8.834309414308583186e-01 -6.363788085113291082e-01
1.331062555245632328e+00 -2.098909544646007319e+00
1.382743707342566353e+00 -5.635056630454351456e+00
1.512004950450254182e+00 -6.788617179432271165e+00
2.328929565037376470e+00 -6.499745381409975487e+00
2.789207346700165679e+00 -5.211779023535806132e+00
2.797058656509383567e+00 -5.856338160979747798e+00
2.868284923741964754e+00 -8.264851025141860319e+00
3.277865504580477207e+00 -6.472898135445751322e+00
3.366538395131208894e+00 -1.118815797062071127e+01
3.371478753707803921e+00 -9.810417480229776999e+00
3.543545687844926739e+00 -1.038087498810689979e+01
3.764530043228399236e+00 -7.749598831462471082e+00
3.841609002266648254e+00 -1.374685064852344141e+01
3.970218544281020279e+00 -1.486703579418248466e+01
3.988476691421536380e+00 -1.248621173037626875e+01
4.099943169414732580e+00 -8.284428150991503870e+00
4.356674409683045646e+00 -1.390200757349441574e+01
4.428527093662983027e+00 -1.379159550613567475e+01
4.515212310720206901e+00 -1.449343630887828738e+01
4.802104371387432735e+00 -1.661269883630914279e+01
4.957404739649978964e+00 -1.586723663024339004e+01
5.057031916373498248e+00 -1.321680345781637023e+01
5.321999751945513779e+00 -1.825956007967674566e+01
5.357585794117815325e+00 -1.603823289064383673e+01
5.445368276165415189e+00 -1.527776036121415260e+01
5.451420944574242533e+00 -1.576252914229061908e+01
5.612606918272398993e+00 -1.580418105926306538e+01
5.887856062694187820e+00 -1.583172515839408412e+01
6.069418296630204601e+00 -2.067926329650991590e+01
6.080949446335930375e+00 -1.973914377811065179e+01
6.423595637318145535e+00 -2.187789332465597170e+01
6.426506607057032916e+00 -2.221662101988514593e+01
7.360193560195264162e+00 -2.129965743325864480e+01
7.386091490963300643e+00 -2.030386791141763325e+01
7.822926220894852456e+00 -2.303486943082365457e+01
8.068377980715249365e+00 -2.134704321257284221e+01
8.179223188405902789e+00 -2.777097785421701559e+01
8.545293102479170955e+00 -2.489769122672028345e+01
8.674842717027791750e+00 -2.371348494488356096e+01
8.816867044330509273e+00 -2.836549672025960334e+01
8.927048730967143797e+00 -2.699870585656481126e+01
9.054840898379094227e+00 -2.396170300075191406e+01
9.246044671852221342e+00 -2.600404512648737310e+01
9.682886690564654231e+00 -2.811798405510150545e+01
9.746397945842833366e+00 -2.950400934582277301e+01
9.799742623914672990e+00 -2.884497876069438149e+01
