# k [1/Mpc]    P(k) [(Mpc)^3]
1.000000000000000048e-04 1.065189591882868626e+03
1.011591112223829728e-04 1.077102099771615485e+03
1.023316578330244966e-04 1.089147531868837177e+03
1.035177955630176228e-04 1.101327361490191834e+03
1.047176819485520245e-04 1.113643078096413319e+03
1.059314763518370031e-04 1.126096187467300979e+03
1.071593399822671198e-04 1.138688211877561343e+03
1.084014359178331018e-04 1.151420690274491108e+03
1.096579291267809898e-04 1.164295178457525026e+03
1.109289864895222780e-04 1.177313249259682607e+03
1.122147768207980290e-04 1.190476492727568711e+03
1.135154708920999033e-04 1.203786515262855801e+03
1.148312414543511137e-04 1.217244938259085757e+03
1.161622632608501891e-04 1.230853400345536556e+03
1.175087130904807617e-04 1.244613557937433370e+03
1.188707697711903309e-04 1.258527085424044117e+03
1.202486142037412301e-04 1.272595675358704966e+03
1.216424293857368039e-04 1.286821038650760556e+03
1.230524004359261579e-04 1.301204904759484634e+03
1.244787146187906256e-04 1.315749021889933374e+03
1.259215613694150942e-04 1.330455157190837554e+03
1.273811323186478520e-04 1.345325096954461742e+03
1.288576213185518003e-04 1.360360646818521218e+03
1.303512244681508938e-04 1.375563631970147981e+03
1.318621401394748458e-04 1.390935897351891526e+03
1.333905690039058638e-04 1.406479307869856257e+03
1.349367140588306430e-04 1.422195748603914581e+03
1.365007806546013845e-04 1.438087125020057329e+03
1.380829765218092263e-04 1.454155363184899670e+03
1.396835117988739626e-04 1.470402409982354584e+03
1.413025990599533599e-04 1.486830233323785251e+03
1.429404533431761061e-04 1.503440820329394228e+03
1.445972921792019463e-04 1.520236174792906922e+03
1.462733356201129868e-04 1.537218321248775510e+03
1.479688062686396383e-04 1.554389305822253846e+03
1.496839293077255632e-04 1.571751196450058160e+03
1.514189325304352018e-04 1.589306083103130732e+03
1.531740463702079740e-04 1.607056078011538148e+03
1.549495039314631646e-04 1.625003315891520288e+03
1.567455410205595065e-04 1.643149954174709364e+03
1.585623961771137158e-04 1.661498173239512653e+03
1.604003107056819902e-04 1.680050176644718704e+03
1.622595287078087002e-04 1.698808191365332959e+03
1.641402971144466361e-04 1.717774468030625712e+03
1.660428657187529582e-04 1.736951281164464262e+03
1.679674872092653225e-04 1.756340929427931314e+03
1.699144172034625999e-04 1.775945735864200742e+03
1.718839142817145534e-04 1.795768048145792591e+03
1.738762400216250527e-04 1.815810238824109092e+03
1.758916590327732731e-04 1.836074705581357421e+03
1.779304389918577296e-04 1.856563871463717760e+03
1.799928506782476454e-04 1.877280181282952526e+03
1.820791680099462359e-04 1.898226097141871605e+03
1.841896680799710861e-04 1.919404105642950753e+03
1.863246311931559835e-04 1.940816719195145879e+03
1.884843409033795474e-04 1.962466476263320374e+03
1.906690840512252085e-04 1.984355941619835448e+03
1.928791508020777693e-04 2.006487706598236855e+03
1.951148346846616412e-04 2.028864389349136673e+03
1.973764326300255292e-04 2.051488635098261057e+03
1.996642450109793374e-04 2.074363116406663721e+03
2.019785756819878484e-04 2.097490533433184282e+03
2.043197320195270594e-04 2.120873614199076655e+03
2.066880249629082160e-04 2.144515114854895273e+03
2.090837690555749911e-04 2.168417819949615023e+03
2.115072824868794756e-04 2.192584542702012641e+03
2.139588871343421563e-04 2.217018125274319118e+03
2.164389086064020347e-04 2.241721439048178581e+03
2.189476762856620634e-04 2.266697384902863178e+03
2.214855233726359179e-04 2.291948893495843549e+03
2.240527869300018224e-04 2.317478925498261560e+03
2.266498079273692845e-04 2.343290464995172897e+03
2.292769312865648647e-04 2.369386512123513512e+03
2.319345059274427543e-04 2.395770095233715892e+03
2.346228848142262321e-04 2.422444272832918159e+03
2.373424250023866149e-04 2.449412133850774353e+03
2.400934876860651764e-04 2.476676797907009586e+03
2.428764382460450548e-04 2.504241415580860121e+03
2.456916462982790305e-04 2.532109168682249219e+03
2.485394857429798422e-04 2.560283270524808358e+03
2.514203348142796828e-04 2.588766966200722436e+03
2.543345761304648361e-04 2.617563532857366226e+03
2.572825967447932359e-04 2.646676279975780290e+03
2.602647881969004482e-04 2.676108549650976329e+03
2.632815465648020189e-04 2.705863716874028341e+03
2.663332725174980963e-04 2.735945189816041875e+03
2.694203713681882413e-04 2.766356410113934089e+03
2.725432531281027707e-04 2.797100853158020982e+03
2.757023325609582747e-04 2.828182028381491364e+03
2.788980292380439777e-04 2.859603479551663440e+03
2.821307675939470740e-04 2.891368784966351996e+03
2.854009769829237591e-04 2.923481546323173461e+03
2.887090917359234400e-04 2.955945377576094870e+03
2.920555512182745244e-04 2.988763924086169027e+03
2.954407998880379709e-04 3.021940865349240539e+03
2.988652873550382482e-04 3.055479915252656610e+03
3.023294684405776131e-04 3.089384822332865042e+03
3.058338032378431388e-04 3.123659370033878986e+03
3.093787571730136510e-04 3.158307376966656193e+03
3.129648010670750265e-04 3.193332697169263611e+03
3.165924111983520412e-04 3.228739220367891903e+03
3.202620693657650080e-04 3.264530872238708071e+03
3.239742629528195514e-04 3.300711614670471590e+03
3.277294849923381931e-04 3.337285446027911803e+03
3.315282342319423150e-04 3.374256401415958862e+03
3.353710152002928996e-04 3.411628552944536750e+03
3.392583382740992125e-04 3.449406009994275337e+03
3.431907197459042598e-04 3.487592919482753132e+03
3.471686818926559680e-04 3.526193466131531295e+03
3.511927530450727588e-04 3.565211872733757446e+03
3.552634676578139260e-04 3.604652400252031839e+03
3.593813663804625697e-04 3.644519331434020387e+03
3.635469961293317630e-04 3.684816956127344383e+03
3.677609101601030626e-04 3.725549597846313645e+03
3.720236681413065759e-04 3.766721617175227493e+03
3.763358362286532656e-04 3.808337411976561270e+03
3.806979871402283821e-04 3.850401417598535318e+03
3.851107002325568655e-04 3.892918107081796279e+03
3.895745615775500948e-04 3.935891991365243939e+03
3.940901640403447737e-04 3.979327619490973120e+03
3.986581073580438726e-04 4.023229578808264250e+03
4.032789982193705223e-04 4.067602495176577122e+03
4.079534503452448896e-04 4.112451033167500100e+03
4.126820845702952015e-04 4.157779896265608841e+03
4.174655289253134888e-04 4.203593827068174505e+03
4.223044187206672164e-04 4.249897607483713728e+03
4.271993966306776428e-04 4.296696058929222090e+03
4.321511127789761839e-04 4.343994042526210251e+03
4.371602248248502198e-04 4.391796459295290333e+03
4.422273980505897289e-04 4.440108250349430818e+03
4.473533054498462949e-04 4.488934396795761131e+03
4.525386278170166862e-04 4.538279896133847615e+03
4.577840538376616304e-04 4.588149743395247242e+03
4.630902801799736631e-04 4.638548967290189466e+03
4.684580115873045137e-04 4.689482634353423236e+03
4.738879609717650920e-04 4.740955849043493799e+03
4.793808495089107069e-04 4.792973753838560697e+03
4.849374067335233355e-04 4.845541529328783326e+03
4.905583706365045484e-04 4.898664394305041242e+03
4.962444877628913436e-04 4.952347605844179270e+03
5.019965133110079530e-04 5.006596459390184464e+03
5.078152112327670659e-04 5.061416288831937891e+03
5.137013543351339135e-04 5.116812466576700899e+03
5.196557243827657369e-04 5.172790403619767858e+03
5.256791122018419265e-04 5.229355549610072558e+03
5.317723177850966487e-04 5.286513392911432675e+03
5.379361503980697925e-04 5.344269460659751530e+03
5.441714286865887004e-04 5.402629318815581428e+03
5.504789807854967333e-04 5.461598572212583349e+03
5.568596444286409188e-04 5.521182864601095389e+03
5.633142670601351629e-04 5.581387878266723419e+03
5.698437059469136636e-04 5.642219304731691409e+03
5.764488282925873171e-04 5.703682823993857710e+03
5.831305113526218760e-04 5.765784146994197727e+03
5.898896425508493501e-04 5.828529019954058640e+03
5.967271195973310833e-04 5.891923224292423583e+03
6.036438506075863814e-04 5.955972576536350061e+03
6.106407542232036075e-04 6.020682928224287025e+03
6.177187597338488134e-04 6.086060165802016854e+03
6.248788072006888211e-04 6.152110210511608784e+03
6.321218475812448011e-04 6.218839018272653448e+03
6.394488428556943443e-04 6.286252579555989541e+03
6.468607661546327617e-04 6.354356919249735256e+03
6.543586018883235361e-04 6.423158096517637205e+03
6.619433458774394430e-04 6.492662204649292107e+03
6.696160054853222054e-04 6.562875370902353097e+03
6.773775997517752102e-04 6.633803756336645165e+03
6.852291595284064167e-04 6.705453555639793194e+03
6.931717276155407569e-04 6.777830996944581784e+03
7.012063589007183975e-04 6.850942341637558457e+03
7.093341204987996815e-04 6.924793882637898605e+03
7.175560918936927952e-04 6.999391853016733876e+03
7.258733650817253023e-04 7.074742369081776815e+03
7.342870447166765678e-04 7.150851556466962393e+03
7.427982482564917787e-04 7.227725561752818066e+03
7.514081061116969704e-04 7.305370551942002749e+03
7.601177617955330547e-04 7.383792713920821370e+03
7.689283720758312941e-04 7.462998253906490390e+03
7.778411071286489781e-04 7.542993396880109685e+03
7.868571506936851423e-04 7.623784386004982480e+03
7.959777002314985571e-04 7.705377482030294232e+03
8.052039670825478267e-04 7.787778962680068616e+03
8.145371766280745229e-04 7.870995122026848549e+03
8.239785684528520143e-04 7.955032269850406919e+03
8.335293965098195066e-04 8.039896730981015025e+03
8.431909292866259040e-04 8.125594844627289604e+03
8.529644499741025759e-04 8.212132963688289237e+03
8.628512566366895297e-04 8.299517454049902881e+03
8.728526623848379762e-04 8.387754693865183071e+03
8.829699955494092365e-04 8.476851072818575631e+03
8.932045998580968784e-04 8.566812989957503305e+03
9.035578346138930074e-04 8.657646779287164463e+03
9.140310748756232161e-04 8.749358669258239388e+03
9.246257116405742597e-04 8.841954879677965437e+03
9.353431520292386373e-04 8.935441629345294132e+03
9.461848194722001460e-04 9.029825135010671147e+03
9.571521538991865398e-04 9.125111610315574580e+03
9.682466119303123836e-04 9.221307264712013421e+03
9.794696670695395360e-04 9.318418302361855240e+03
9.908228099003797609e-04 9.416450921015326458e+03
1.002307548283865382e-03 9.515411310869416411e+03
1.013925407558815411e-03 9.615305653405164776e+03
1.025677930744421868e-03 9.716140120204463528e+03
1.037566678745185890e-03 9.817920871745713157e+03
1.049593230558227598e-03 9.920654056178387691e+03
1.061759183483000071e-03 1.002434580807665043e+04
1.074066153333433447e-03 1.012900224717153651e+04
1.086515774652538433e-03 1.023462947706165141e+04
1.099109700929497193e-03 1.034123358390266367e+04
1.111849604819271095e-03 1.044882063507504427e+04
1.124737178364752007e-03 1.055739667368208029e+04
1.137774133221491381e-03 1.066696752861045752e+04
1.150962200885032299e-03 1.077753872616016815e+04
1.164303132920876775e-03 1.088911572834044455e+04
1.177798701197119331e-03 1.100170395052279127e+04
1.191450698119775895e-03 1.111530875951082817e+04
1.205260936870842505e-03 1.122993547158327965e+04
1.219231251649110712e-03 1.134558935050951186e+04
1.233363497913775872e-03 1.146227560553814510e+04
1.247659552630869806e-03 1.157999938935871069e+04
1.262121314522547276e-03 1.169876579603603022e+04
1.276750704319265777e-03 1.181857985891772660e+04
1.291549665014883998e-03 1.193944654851509586e+04
1.306520162124721234e-03 1.206137077035692346e+04
1.321664183946605082e-03 1.218435736281650316e+04
1.336983741824946661e-03 1.230841109491257885e+04
1.352480870417875451e-03 1.243353666408319987e+04
1.368157627967471913e-03 1.255973869393377026e+04
1.384016096573131502e-03 1.268702173195859905e+04
1.400058382468097589e-03 1.281539024723652255e+04
1.416286616299198848e-03 1.294484862287522446e+04
1.432702953409831009e-03 1.307540094444153510e+04
1.449309574126216591e-03 1.320705091668510431e+04
1.466108684046984459e-03 1.333980211602199779e+04
1.483102514336104337e-03 1.347365800677586049e+04
1.500293322019218348e-03 1.360862193827643205e+04
1.517683390283405343e-03 1.374469714193059917e+04
1.535275028780422714e-03 1.388188672826686343e+04
1.553070573933460147e-03 1.402019368395317360e+04
1.571072389247450424e-03 1.415962086878949594e+04
1.589282865622978049e-03 1.430017101267448015e+04
1.607704421673823627e-03 1.444184671254758723e+04
1.626339504048192157e-03 1.458465042930686650e+04
1.645190587753662514e-03 1.472858448470325675e+04
1.664260176485903671e-03 1.487365105821133329e+04
1.683550802961202323e-03 1.501985218387823988e+04
1.703065029252844422e-03 1.516718974715013792e+04
1.722805447131393972e-03 1.531566548167796464e+04
1.742774678408919205e-03 1.546528096610263674e+04
1.762975375287205784e-03 1.561603762082027242e+04
1.783410220710008025e-03 1.576793669602009868e+04
1.804081928719382779e-03 1.592097895939915725e+04
1.824993244816152391e-03 1.607516459541692529e+04
1.846146946324547485e-03 1.623049356292555422e+04
1.867545842761075955e-03 1.638696561614188613e+04
1.889192776207666326e-03 1.654458030077221702e+04
1.911090621689137941e-03 1.670333695012267344e+04
1.933242287555045260e-03 1.686323468119799873e+04
1.955650715865949168e-03 1.702427239078924686e+04
1.978318882784164089e-03 1.718644875155155751e+04
2.001249798969036847e-03 1.734976220807398204e+04
2.024446509976803900e-03 1.751421097294221181e+04
2.047912096665085481e-03 1.767979302279623880e+04
2.071649675602069141e-03 1.784650609438385072e+04
2.095662399480432980e-03 1.801434768061177965e+04
2.119953457536071038e-03 1.818331502659631951e+04
2.144526075971667656e-03 1.835340512571441286e+04
2.169383518385184159e-03 1.852461471565757893e+04
2.194529086203313769e-03 1.869694027448961060e+04
2.219966119119954652e-03 1.887037801671029592e+04
2.245697995539773940e-03 1.904492387417941427e+04
2.271728133026905232e-03 1.922057301321180785e+04
2.298059988758851136e-03 1.939731971234927551e+04
2.324697059985648094e-03 1.957515789507816589e+04
2.351642884494348565e-03 1.975408115910377455e+04
2.378901041078893431e-03 1.993408277185654879e+04
2.406475150015424062e-03 2.011515566602459512e+04
2.434368873543110365e-03 2.029729243511654204e+04
2.462585916350546866e-03 2.048048532905605680e+04
2.491130026067788373e-03 2.066472624981218542e+04
2.520004993764092018e-03 2.085000674706689824e+04
2.549214654451422910e-03 2.103631801392406851e+04
2.578762887593801043e-03 2.122365088266213934e+04
2.608653617622547997e-03 2.141199582053303675e+04
2.638890814457510187e-03 2.160134292561160692e+04
2.669478494034320699e-03 2.179168192269745123e+04
2.700420718837772543e-03 2.198300215927272075e+04
2.731721598441376204e-03 2.217529260151928611e+04
2.763385290053169997e-03 2.236854183039796408e+04
2.795415999067856535e-03 2.256273803779351874e+04
2.827817979625341181e-03 2.275786900119377970e+04
2.860595535175741895e-03 2.295392147016332456e+04
2.893753019050950264e-03 2.315088105219887802e+04
2.927294835042816134e-03 2.334873286477408692e+04
2.961225437988034351e-03 2.354746156902101939e+04
2.995549334359812969e-03 2.374705136582351042e+04
3.030271082866396216e-03 2.394748599201963953e+04
3.065395295056526793e-03 2.414874871671763322e+04
3.100926635931926852e-03 2.435082233772945619e+04
3.136869824566876613e-03 2.455368917812699146e+04
3.173229634734976452e-03 2.475733108292556790e+04
3.210010895543171858e-03 2.496172941589900802e+04
3.247218492073128838e-03 2.516686505653104177e+04
3.284857366030043482e-03 2.537271839710821223e+04
3.322932516398971556e-03 2.557926933995848958e+04
3.361449000108765288e-03 2.578649729484034469e+04
3.400411932703706255e-03 2.599438117648773914e+04
3.439826489022924580e-03 2.620289940231499349e+04
3.479697903887691603e-03 2.641202989028685261e+04
3.520031472796678832e-03 2.662175005695839354e+04
3.560832552629277729e-03 2.683203676246688701e+04
3.602106562357070083e-03 2.704286495344090872e+04
3.643858983763544404e-03 2.725420750219072579e+04
3.686095362172158059e-03 2.746603660475150173e+04
3.728821307182833642e-03 2.767832385257070564e+04
3.772042493416997554e-03 2.789104023122297440e+04
3.815764661271248397e-03 2.810415611939300652e+04
3.859993617679767074e-03 2.831764128813381467e+04
3.904735236885560103e-03 2.853146490040604112e+04
3.949995461220642823e-03 2.874559551090696186e+04
3.995780301895269192e-03 2.896000106619487997e+04
4.042095839796309639e-03 2.917464890511632984e+04
4.088948226294864159e-03 2.938950575954242959e+04
4.136343684063278035e-03 2.960453775542203584e+04
4.184288507901584922e-03 2.981971041415770014e+04
4.232789065573553354e-03 3.003498865431111335e+04
4.281851798652415615e-03 3.025033679364474301e+04
4.331483223376403000e-03 3.046571855150641568e+04
4.381689931514195016e-03 3.068109705156270502e+04
4.432478591240400501e-03 3.089643482488795053e+04
4.483855948021191196e-03 3.111169373535029445e+04
4.535828825510191016e-03 3.132683318859572319e+04
4.588404126454761513e-03 3.154181003621486889e+04
4.641588833612782412e-03 3.175658036067655121e+04
4.695390010680062544e-03 3.197109956516210514e+04
4.749814803228504315e-03 3.218532237935446028e+04
4.804870439655133628e-03 3.239920286573413250e+04
4.860564232142139222e-03 3.261269442639042609e+04
4.916903577628031589e-03 3.282574981035591918e+04
4.973895958790068052e-03 3.303832112147083535e+04
5.031548945038056761e-03 3.325035982678522123e+04
5.089870193519685330e-03 3.346181676550458360e+04
5.148867450137497269e-03 3.367264215848677850e+04
5.208548550577665401e-03 3.388278561829509999e+04
5.268921421350676766e-03 3.409219615981472452e+04
5.329994080844092930e-03 3.430082221143707284e+04
5.391774640387505396e-03 3.450861162681747373e+04
5.454271305329836186e-03 3.471551169721144834e+04
5.517492376129128420e-03 3.492146916439402412e+04
5.581446249454966556e-03 3.512643023416481446e+04
5.646141419303672866e-03 3.533034040508314501e+04
5.711586478126434545e-03 3.553314062312502938e+04
5.777790117970507157e-03 3.573476731558555184e+04
5.844761131633637551e-03 3.593515608937093930e+04
5.912508413831881436e-03 3.613424190865841229e+04
5.981040962380944001e-03 3.633195911535072082e+04
6.050367879391223974e-03 3.652824145042539749e+04
6.120498372476702517e-03 3.672302207618104876e+04
6.191441755977847815e-03 3.691623359938598878e+04
6.263207452198692356e-03 3.710780809533106367e+04
6.335804992658253774e-03 3.729767713278815791e+04
6.409244019356457114e-03 3.748577179987585259e+04
6.483534286054726779e-03 3.767202273083200998e+04
6.558685659571435525e-03 3.785636013369241846e+04
6.634708121092351002e-03 3.803871381887275493e+04
6.711611767496287149e-03 3.821901322865244583e+04
6.789406812696112230e-03 3.839718746755510801e+04
6.868103588995307790e-03 3.857316533362123300e+04
6.947712548460239883e-03 3.874687535056655906e+04
7.028244264308352446e-03 3.891824580081999738e+04
7.109709432312438099e-03 3.908720443285413785e+04
7.192118872221192789e-03 3.925367231912146963e+04
7.275483529196232965e-03 3.941756429108762677e+04
7.359814475265771296e-03 3.957879464936166914e+04
7.445122910795143496e-03 3.973727742945692444e+04
7.531420165974375344e-03 3.989292644958390883e+04
7.618717702322998914e-03 4.004565535976515821e+04
7.707027114212303652e-03 4.019537769225761440e+04
7.796360130405236531e-03 4.034200691326258675e+04
7.886728615614155974e-03 4.048545647590135923e+04
7.978144572076628638e-03 4.062563987443561200e+04
8.070620141149507584e-03 4.076247069970507437e+04
8.164167604921472240e-03 4.089586269575548067e+04
8.258799387844271284e-03 4.102572981762779091e+04
8.354528058382871408e-03 4.115198629027409334e+04
8.451366330684721012e-03 4.127454666856795666e+04
8.549327066268383804e-03 4.139332589837167325e+04
8.648423275731726215e-03 4.150823937861883314e+04
8.748668120479913615e-03 4.161920302437443752e+04
8.850074914473439122e-03 4.172613333082479221e+04
8.952657125996400095e-03 4.182894697833783721e+04
9.056428379445294677e-03 4.192755298112270248e+04
9.161402457138520528e-03 4.202185374010692613e+04
9.267593301146882789e-03 4.211175212293791265e+04
9.375015015145289968e-03 4.219715179243771126e+04
9.483681866285927423e-03 4.227795729343949642e+04
9.593608287093146128e-03 4.235407414084311313e+04
9.704808877380306092e-03 4.242540890880930237e+04
9.817298406188841586e-03 4.249186932101197453e+04
9.931091813749801447e-03 4.255336434185833059e+04
1.004620421346813161e-02 4.260980426858976716e+04
1.016265089392995140e-02 4.266110082416527439e+04
1.028044732093309765e-02 4.270716725083177153e+04
1.039960913954120388e-02 4.274791840427515854e+04
1.052015217616159015e-02 4.278327084825052589e+04
1.064209244064724669e-02 4.281314294957595848e+04
1.076544612842315896e-02 4.283745497338189307e+04
1.089022962263730583e-02 4.285612917849401128e+04
1.101645949633657008e-02 4.286908991283314390e+04
1.114415251466788215e-02 4.287626370870567189e+04
1.127332563710487130e-02 4.287757903184941097e+04
1.140399601970033122e-02 4.287296094328043546e+04
1.153618101736478448e-02 4.286233220153845468e+04
1.166989818617147553e-02 4.284561800604181190e+04
1.180516528568805595e-02 4.282274624936640612e+04
1.194200028133532432e-02 4.279364762535534101e+04
1.208042134677328981e-02 4.275825573647127021e+04
1.222044686631488727e-02 4.271650720021790767e+04
1.236209543736769070e-02 4.266834175445683650e+04
1.250538587290391315e-02 4.261370236144129740e+04
1.265033720395903824e-02 4.255253531038558140e+04
1.279696868215941634e-02 4.248479031838900846e+04
1.294529978227916024e-02 4.241042062952707784e+04
1.309535020482667685e-02 4.232938311192592664e+04
1.324713987866117486e-02 4.224163835263148940e+04
1.340068896363950761e-02 4.214715075008365966e+04
1.355601785329368925e-02 4.204588860400721751e+04
1.371314717753945554e-02 4.193782420253050805e+04
1.387209780541620932e-02 4.182293390634062962e+04
1.403289084785873213e-02 4.170119822968851804e+04
1.419554766050101606e-02 4.157260296906570875e+04
1.436008984651260603e-02 4.143715434506003658e+04
1.452653925946781159e-02 4.129487533049144986e+04
1.469491800624817164e-02 4.114579323011711676e+04
1.486524844997857107e-02 4.098993935166280426e+04
1.503755321299738400e-02 4.082734901474685466e+04
1.521185517986104775e-02 4.065806155582799693e+04
1.538817750038346324e-02 4.048212032911965071e+04
1.556654359271062056e-02 4.029957270341854019e+04
1.574697714643086624e-02 4.011047005480081862e+04
1.592950212572123020e-02 3.991486775514225155e+04
1.611414277253019750e-02 3.971282515642997168e+04
1.630092360979741237e-02 3.950440557083338354e+04
1.648986944471064753e-02 3.928967624651092774e+04
1.668100537200059227e-02 3.906870833913638489e+04
1.687435677727375585e-02 3.884157687913121481e+04
1.706994934038407949e-02 3.860836073460055923e+04
1.726780903884355886e-02 3.836914256997207121e+04
1.746796215127245644e-02 3.812400880034748116e+04
1.767043526088946798e-02 3.787304954158162582e+04
1.787525525904235316e-02 3.761636385601574875e+04
1.808244934877951612e-02 3.735412902423641208e+04
1.829204504846293836e-02 3.708657875313096156e+04
1.850407019542302245e-02 3.681394747387591633e+04
1.871855294965579092e-02 3.653646874908042810e+04
1.893552179756295348e-02 3.625437502796971239e+04
1.915500555573527997e-02 3.596789741033606697e+04
1.937703337477988952e-02 3.567726541940518655e+04
1.960163474319185847e-02 3.538270678374517593e+04
1.982883949127071249e-02 3.508444722831610125e+04
2.005867779508234069e-02 3.478271027473996946e+04
2.029118018046677935e-02 3.447771705084304267e+04
2.052637752709252084e-02 3.416968610950355651e+04
2.076430107255774690e-02 3.385883325681526912e+04
2.100498241653915230e-02 3.354537138955677801e+04
2.124845352498882720e-02 3.322951034193724627e+04
2.149474673437980557e-02 3.291145674157090980e+04
2.174389475600079988e-02 3.259141387461295017e+04
2.199593068030074663e-02 3.226958155997435097e+04
2.225088798128369363e-02 3.194615603251737411e+04
2.250880052095461867e-02 3.162134157568200681e+04
2.276970255381680075e-02 3.129546760585133234e+04
2.303362873142131284e-02 3.096893379438526972e+04
2.330061410696924670e-02 3.064212775742059603e+04
2.357069413996727703e-02 3.031542371425899910e+04
2.384390470093720321e-02 2.998918245206167558e+04
2.412028207618006903e-02 2.966375133365142756e+04
2.439986297259550199e-02 2.933946434602266891e+04
2.468268452255692469e-02 2.901664218715991228e+04
2.496878428884326609e-02 2.869559238878257747e+04
2.525820026962784584e-02 2.837660947265865616e+04
2.555097090352506997e-02 2.805997513816908759e+04
2.584713507469563881e-02 2.774595847884959949e+04
2.614673211801091940e-02 2.743481622569293904e+04
2.644980182427720053e-02 2.712679301505800322e+04
2.675638444552045150e-02 2.682212167910080461e+04
2.706652070033241375e-02 2.652102355672049453e+04
2.738025177927857698e-02 2.622370882309219087e+04
2.769761935036891068e-02 2.593037683594684131e+04
2.801866556459195468e-02 2.564121763762545743e+04
2.834343306151309444e-02 2.535641776319058772e+04
2.867196497493769772e-02 2.507615609496820252e+04
2.900430493863991738e-02 2.480060178821601949e+04
2.934049709215787172e-02 2.452991469319824319e+04
2.968058608665602449e-02 2.426424578959547216e+04
3.002461709085549324e-02 2.400373762843344957e+04
3.037263579703311511e-02 2.374852478036010871e+04
3.072468842709003348e-02 2.349873428921008963e+04
3.108082173869063797e-02 2.325448612990517358e+04
3.144108303147264555e-02 2.301589366984980006e+04
3.180552015332920035e-02 2.278306413308721312e+04
3.217418150676371741e-02 2.255609906659138869e+04
3.254711605531847990e-02 2.233508277626733616e+04
3.292437333007768724e-02 2.211995394970510461e+04
3.330600343624588733e-02 2.191056111108025652e+04
3.369205705980267418e-02 2.170675617794721256e+04
3.408258547423451829e-02 2.150839591394668605e+04
3.447764054734463873e-02 2.131534175274345762e+04
3.487727474814177747e-02 2.112745962898012658e+04
3.528154115380883332e-02 2.094461981593983364e+04
3.569049345675229939e-02 2.076669643536467629e+04
3.610418597173337130e-02 2.059349896477688526e+04
3.652267364308175307e-02 2.042469179771234485e+04
3.694601205199302130e-02 2.025992988010028785e+04
3.737425742391064371e-02 2.009887896541454393e+04
3.780746663599349189e-02 1.994121506279670575e+04
3.824569722466999305e-02 1.978662393783153311e+04
3.868900739327975347e-02 1.963478135376475257e+04
3.913745601980384015e-02 1.948523064159727437e+04
3.959110266468458816e-02 1.933746529829181600e+04
4.005000757873611317e-02 1.919099340206833585e+04
4.051423171114647281e-02 1.904533754052412769e+04
4.098383671757261509e-02 1.890003330651902797e+04
4.145888496832911274e-02 1.875459540067053604e+04
4.193943955667186335e-02 1.860851487652133801e+04
4.242556430717776828e-02 1.846129727897437988e+04
4.291732378422157684e-02 1.831246497560670468e+04
4.341478330055092288e-02 1.816154927818059150e+04
4.391800892596085804e-02 1.800802964796943343e+04
4.442706749606882555e-02 1.785137144400388934e+04
4.494202662119142072e-02 1.769106282491008824e+04
4.546295469532399269e-02 1.752661767090775538e+04
4.598992090522438514e-02 1.735761508232358392e+04
4.652299523960189143e-02 1.718370078339052998e+04
4.706224849841281199e-02 1.700454690842067430e+04
4.760775230226368254e-02 1.681985265141552736e+04
4.815957910192350533e-02 1.662937736798558035e+04
4.871780218794630885e-02 1.643293923651458317e+04
4.928249570040513228e-02 1.623038358326268281e+04
4.985373463873893352e-02 1.602159335709813968e+04
5.043159487171358646e-02 1.580657013736447152e+04
5.101615314749833457e-02 1.558538366557722111e+04
5.160748710385907462e-02 1.535812459838687573e+04
5.220567527846975420e-02 1.512497256724704494e+04
5.281079711934331261e-02 1.488628221744152870e+04
5.342293299538352497e-02 1.464243600562810025e+04
5.404216420705915125e-02 1.439383737028073483e+04
5.466857299720180585e-02 1.414105109408484714e+04
5.530224256192900478e-02 1.388471367734086016e+04
5.594325706169377826e-02 1.362544476193977971e+04
5.659170163246242391e-02 1.336392093240531540e+04
5.724766239702178822e-02 1.310088862794597662e+04
5.791122647641758214e-02 1.283706317723835309e+04
5.858248200152536139e-02 1.257322154750369373e+04
5.926151812475552449e-02 1.231034116555286892e+04
5.994842503189409116e-02 1.204936793460812987e+04
6.064329395408061402e-02 1.179119245373091144e+04
6.134621717992506246e-02 1.153670163873278216e+04
6.205728806776500406e-02 1.128672461856732662e+04
6.277660105806499857e-02 1.104203671168328401e+04
6.350425168595962011e-02 1.080346027811156637e+04
6.424033659394190465e-02 1.057178309919528510e+04
6.498495354469888130e-02 1.034770943224263829e+04
6.573820143409585259e-02 1.013182181529687841e+04
6.650018030431117944e-02 9.924620504240334412e+03
6.727099135712336087e-02 9.726546407107503910e+03
6.805073696735206012e-02 9.537930195499951878e+03
6.883952069645496441e-02 9.359037616573696141e+03
6.963744730628222690e-02 9.190083821979296772e+03
7.044462277299036457e-02 9.031064398423301100e+03
7.126115430111745752e-02 8.881878882280056132e+03
7.208715033782135684e-02 8.742395693988730272e+03
7.292272058728312134e-02 8.612212748069074223e+03
7.376797602527730702e-02 8.490834077989040452e+03
7.462302891391107973e-02 8.377764056291505767e+03
7.548799281653431614e-02 8.272335940705159373e+03
7.636298261282241373e-02 8.173846957701736756e+03
7.724811451403400253e-02 8.081564221937473121e+03
7.814350607844541829e-02 7.994457861374999993e+03
7.904927622696419909e-02 7.911444966678181117e+03
7.996554525892346499e-02 7.831459223396416746e+03
8.089243486805938743e-02 7.753367776160540416e+03
8.183006815867389927e-02 7.676057039141297537e+03
8.277856966198472721e-02 7.598428195067765046e+03
8.373806535266489770e-02 7.519348733563315363e+03
8.470868266557401993e-02 7.437722466283070389e+03
8.569055051268346934e-02 7.352550756014199578e+03
8.668379930019773361e-02 7.262977957629927914e+03
8.768856094587426653e-02 7.168217203486687140e+03
8.870496889654402861e-02 7.067676133424363798e+03
8.973315814583519845e-02 6.961009537178103528e+03
9.077326525210223374e-02 6.847947727997475340e+03
9.182542835656282154e-02 6.728483707332569793e+03
9.288978720164497993e-02 6.602861150876588908e+03
9.396648314954690606e-02 6.471385051779769128e+03
9.505565920101191613e-02 6.334714813122391206e+03
9.615746001432096124e-02 6.193734651538102298e+03
9.727203192450536995e-02 6.049337624660227448e+03
9.839952296278225985e-02 5.902678742082223835e+03
9.954008287621518569e-02 5.754983366272303101e+03
1.006938631476027024e-01 5.607430907703086632e+03
1.018610170155975214e-01 5.461350805680403937e+03
1.030416994950587445e-01 5.318026799525412571e+03
1.042360673976401170e-01 5.178635687763468923e+03
1.054442793526168404e-01 5.044311112054733712e+03
1.066664958279538722e-01 4.916078933129937468e+03
1.079028791516183639e-01 4.794773687153529863e+03
1.091535935331391094e-01 4.680964611906433674e+03
1.104188050854160164e-01 4.575132485495417313e+03
1.116986818467822634e-01 4.477498099872597777e+03
1.129933938033221702e-01 4.387941319856605332e+03
1.143031129114478600e-01 4.306316731363131112e+03
1.156280131207375328e-01 4.232153147591021479e+03
1.169682703970384707e-01 4.164663632010297988e+03
1.183240627458378019e-01 4.103085006394637276e+03
1.196955702359042834e-01 4.046427568678610442e+03
1.210829750232039481e-01 3.993562930435035014e+03
1.224864613750930725e-01 3.943393857591000597e+03
1.239062156947915577e-01 3.894660699978428511e+03
1.253424265461399456e-01 3.846060162935081280e+03
1.267952846786433996e-01 3.796359648908298368e+03
1.282649830528059809e-01 3.744428147472835008e+03
1.297517168657586761e-01 3.689214674936193660e+03
1.312556835771842845e-01 3.629881994673592544e+03
1.327770829355429116e-01 3.566119934593892140e+03
1.343161170046015263e-01 3.497763909294919813e+03
1.358729901902709092e-01 3.424937688855594388e+03
1.374479092677536596e-01 3.348306327426623739e+03
1.390410834090069769e-01 3.268587123145803616e+03
1.406527242105236331e-01 3.186701855756653913e+03
1.422830457214351862e-01 3.103848750090843168e+03
1.439322644719406574e-01 3.021154860443037705e+03
1.456005995020648591e-01 2.939725209852241733e+03
1.472882723907501801e-01 2.860633686873603892e+03
1.489955072852853779e-01 2.784831651827528731e+03
1.507225309310755434e-01 2.713041516002127082e+03
1.524695727017572888e-01 2.645822935019682063e+03
1.542368646296627399e-01 2.583627024438909302e+03
1.560246414366368017e-01 2.526509584985187303e+03
1.578331405652116382e-01 2.474364560558017274e+03
1.596626022101425013e-01 2.426986556959381232e+03
1.615132693503091299e-01 2.383658628789444720e+03
1.633853877809862132e-01 2.343561192823002330e+03
1.652792061464895546e-01 2.305844801677546457e+03
1.671949759731990170e-01 2.269442732492611412e+03
1.691329517029648843e-01 2.233302108713646703e+03
1.710933907269015231e-01 2.196523289792680316e+03
1.730765534195725930e-01 2.158446438403612319e+03
1.750827031735725237e-01 2.118489873425387941e+03
1.771121064345088647e-01 2.076348704108522725e+03
1.791650327363901452e-01 2.032067592046349091e+03
1.812417547374237659e-01 1.985744852619581252e+03
1.833425482562290598e-01 1.937815597251154031e+03
1.854676923084699336e-01 1.889003247280410505e+03
1.876174691439121411e-01 1.840002024864868190e+03
1.897921642839101308e-01 1.791627678261846995e+03
1.919920665593284892e-01 1.744736601360289797e+03
1.942174681489026444e-01 1.700064458843525699e+03
1.964686646180446583e-01 1.658011754016597706e+03
1.987459549580983809e-01 1.618817820058266079e+03
2.010496416260499075e-01 1.582612947067804043e+03
2.033800305846981960e-01 1.549086990709483871e+03
2.057374313432913659e-01 1.517819679883081335e+03
2.081221569986339281e-01 1.488362020191950023e+03
2.105345242766706038e-01 1.460079974424372494e+03
2.129748535745520921e-01 1.432337799775234544e+03
2.154434690031884481e-01 1.404581746377819854e+03
2.179406984302955930e-01 1.376389011859905622e+03
2.204668735239409816e-01 1.347388324334485333e+03
2.230223297965938656e-01 1.317436689529678688e+03
2.256074066496861485e-01 1.286764860776718024e+03
2.282224474186898555e-01 1.255631266883524631e+03
2.308677994187169624e-01 1.224386705278375302e+03
2.335438139906479416e-01 1.193508632884748977e+03
2.362508465477947683e-01 1.163439221563435694e+03
2.389892566231050230e-01 1.134518226611570753e+03
2.417594079169130827e-01 1.106983677970199778e+03
2.445616683452446483e-01 1.081034272076414481e+03
2.473964100886814066e-01 1.056610812722000674e+03
2.502640096417919069e-01 1.033426437028654618e+03
2.531648478631355337e-01 1.011204967636625383e+03
2.560993100258459609e-01 9.896401234535119329e+02
2.590677858688008595e-01 9.684047352445379602e+02
2.620706696483852682e-01 9.472047148689035794e+02
2.651083601908538756e-01 9.259027158726013340e+02
2.681812609453015361e-01 9.044841697512399605e+02
2.712897800372467416e-01 8.829493350060412240e+02
2.744343303228365394e-01 8.614437764942130116e+02
2.776153294436801144e-01 8.402242688195080973e+02
2.808331998823172526e-01 8.195247698846148978e+02
2.840883690183304000e-01 7.994904547552819167e+02
2.873812691851066470e-01 7.801867793657974062e+02
2.907123377272578524e-01 7.616666855986367182e+02
2.940820170587063465e-01 7.438967390289756167e+02
2.974907547214440395e-01 7.267442221718351902e+02
3.009390034449720974e-01 7.100806194405183760e+02
3.044272212064302874e-01 6.937843006986275896e+02
3.079558712914226559e-01 6.777370011408355595e+02
3.115254223555488089e-01 6.618301225131019692e+02
3.151363484866479547e-01 6.460022905130706476e+02
3.187891292677645927e-01 6.303254662097059509e+02
3.224842498408442282e-01 6.148924882249287975e+02
3.262222009711669979e-01 5.997863390257192577e+02
3.300034791125285305e-01 5.850729398471280547e+02
3.338285864731760921e-01 5.708069168737159771e+02
3.376980310825091203e-01 5.570354446375810085e+02
3.416123268585528616e-01 5.437389211933666502e+02
3.455719936762139399e-01 5.308151461913910225e+02
3.495775574363275129e-01 5.181645932629962772e+02
3.536295501355042892e-01 5.057085676874496585e+02
3.577285099367873422e-01 4.934439430553674129e+02
3.618749812411280464e-01 4.813918350370392432e+02
3.660695147596902399e-01 4.695712523987804161e+02
3.703126675869927165e-01 4.580013901793996638e+02
3.746050032748993175e-01 4.467036733594303541e+02
3.789470919074667821e-01 4.356975485351522934e+02
3.833395101766601254e-01 4.249994085591139878e+02
3.877828414589457595e-01 4.146007274630084112e+02
3.922776758927719598e-01 4.044656923202227858e+02
3.968246104569481680e-01 3.945597234931731236e+02
4.014242490499321803e-01 3.848515086455389564e+02
4.060772025700365440e-01 3.753294879317583082e+02
4.107840889965646558e-01 3.660064846404832224e+02
4.155455334718875515e-01 3.568955521804530235e+02
4.203621683844713797e-01 3.480081495636094360e+02
4.252346334528682159e-01 3.393502154679780460e+02
4.301635758106794882e-01 3.309116349251673341e+02
4.351496500925050026e-01 3.226793372187361797e+02
4.401935185208874501e-01 3.146411377998704211e+02
4.452958509942655518e-01 3.067857166252201182e+02
4.504573251759458330e-01 2.991057527310284740e+02
4.556786265841064054e-01 2.916004648270682651e+02
4.609604486828433600e-01 2.842695521118715192e+02
4.663034929742731483e-01 2.771124495410391546e+02
4.717084690917017209e-01 2.701283461304157072e+02
4.771760948938745805e-01 2.633157116048516855e+02
4.827070965603182939e-01 2.566702694682017523e+02
4.883022086877880086e-01 2.501870100115667412e+02
4.939621743878320759e-01 2.438611185642005523e+02
4.996877453854883799e-01 2.376879678004728476e+02
5.054796821191240852e-01 2.316631097477486776e+02
5.113387538414325695e-01 2.257823344614962480e+02
5.172657387216018643e-01 2.200422759073719874e+02
5.232614239486661489e-01 2.144400524268705794e+02
5.293266058360561743e-01 2.089728257434165926e+02
5.354620899273607737e-01 2.036377954052940140e+02
5.416686911033151697e-01 1.984321991782830992e+02
5.479472336900287344e-01 1.933533133883229027e+02
5.542985515684668574e-01 1.883984531431140397e+02
5.607234882852032420e-01 1.835649229587570233e+02
5.672228971644543982e-01 1.788499386468413945e+02
5.737976414214134291e-01 1.742507518853455792e+02
5.804485942768977669e-01 1.697646735630351031e+02
5.871766390733255125e-01 1.653890726278320926e+02
5.939826693920355893e-01 1.611213749542472726e+02
6.008675891719686968e-01 1.569590622296574338e+02
6.078323128297229427e-01 1.528996708591932645e+02
6.148777653810023613e-01 1.489407908890161707e+02
6.220048825634711953e-01 1.450800649995234721e+02
6.292146109610343707e-01 1.413151914583811504e+02
6.365079081295571539e-01 1.376439253978990109e+02
6.438857427240419762e-01 1.340640710091668382e+02
6.513490946272803006e-01 1.305734799062077798e+02
6.588989550799949635e-01 1.271700502249712770e+02
6.665363268124913088e-01 1.238517257357965349e+02
6.742622241778342129e-01 1.206164949692544326e+02
6.820776732865685421e-01 1.174623903552727882e+02
6.899837121430018039e-01 1.143874873754466961e+02
6.979813907830659803e-01 1.113899037284353710e+02
7.060717714137773049e-01 1.084677985083402376e+02
7.142559285543126357e-01 1.056193713959590923e+02
7.225349491787214085e-01 1.028428618628080784e+02
7.309099328602910450e-01 1.001365482288894810e+02
7.393819919175865785e-01 9.749874557882955628e+01
7.479522515621821466e-01 9.492780583892954382e+01
7.566218500481054487e-01 9.242211790634448221e+01
7.653919388230148169e-01 8.998010690886754048e+01
7.742636826811269968e-01 8.760023346801646937e+01
7.832382599179196214e-01 8.528099297481803376e+01
7.923168624866253618e-01 8.302091487814260518e+01
8.015006961565405152e-01 8.081856198543383130e+01
8.107909806731686819e-01 7.867252977568205097e+01
8.201889499202202893e-01 7.658144572448993870e+01
8.296958520834906148e-01 7.454396864107539500e+01
8.393129498166364000e-01 7.255878801706334968e+01
8.490415204088747059e-01 7.062462338691014452e+01
8.588828559546249908e-01 6.874022369981148017e+01
8.688382635251183927e-01 6.690436670294045030e+01
8.789090653419954213e-01 6.511585833586572392e+01
8.890965989529158175e-01 6.337353213599715218e+01
8.994022174092044519e-01 6.167624872955303772e+01
9.098272894455557980e-01 6.002289588587584745e+01
9.203731996618220723e-01 5.841238755999364685e+01
9.310413487069075789e-01 5.684366291795458181e+01
9.418331534647951253e-01 5.531568579828920917e+01
9.527500472427290479e-01 5.382744418801053143e+01
9.637934799615786030e-01 5.237794970822294971e+01
9.749649183484085935e-01 5.096623710920881223e+01
9.862658461312820979e-01 4.959136377486299807e+01
9.976977642363201726e-01 4.825240923634659396e+01
1.009262190987048502e+00 4.694847469482950686e+01
1.020960662306047650e+00 4.567868255319555715e+01
1.032794731918952547e+00 4.444217595657872977e+01
1.044765971560805307e+00 4.323811834160682110e+01
1.056875971184805030e+00 4.206569299422311303e+01
1.069126339173477103e+00 4.092410261596069176e+01
1.081518702552289213e+00 3.981256889854390835e+01
1.094054707205743604e+00 3.873033210669221660e+01
1.106736018095974439e+00 3.767665066900242010e+01
1.119564319483879355e+00 3.665080077678577908e+01
1.132541315152812755e+00 3.565207578161638224e+01
1.145668728634872569e+00 3.467978487691630818e+01
1.158948303439811811e+00 3.373325360777094772e+01
1.172381803286599800e+00 3.281182393655318208e+01
1.185971012337670549e+00 3.191485386795978485e+01
1.199717735435885446e+00 3.104171708139110564e+01
1.213623798344241722e+00 3.019180257105460541e+01
1.227691047988360484e+00 2.936451429365014576e+01
1.241921352701784720e+00 2.855927082349736779e+01
1.256316602474121469e+00 2.777550501496709145e+01
1.270878709202059476e+00 2.701266367208163643e+01
1.285609606943296512e+00 2.627020722514940232e+01
1.300511252173409904e+00 2.554760941430257759e+01
1.315585624045705115e+00 2.484435697980768509e+01
1.330834724654076151e+00 2.415994935902099527e+01
1.346260579298911075e+00 2.349389838986306245e+01
1.361865236756082842e+00 2.284572802068782593e+01
1.377650769549054965e+00 2.221497402642446062e+01
1.393619274224143556e+00 2.160118373087126287e+01
1.409772871628967694e+00 2.100391573502327702e+01
1.426113707194129887e+00 2.042273968658013317e+01
1.442643951218158804e+00 1.985723616424472837e+01
1.459365799155757593e+00 1.930699627936023077e+01
1.476281471909391074e+00 1.877162136291057593e+01
1.493393216124253353e+00 1.825072272424259978e+01
1.510703304486655574e+00 1.774392141508819876e+01
1.528214036025870914e+00 1.725084799874195340e+01
1.545927736419478560e+00 1.677114232429360996e+01
1.563846758302247730e+00 1.630445330581800079e+01
1.581973481578601515e+00 1.585043870642525832e+01
1.600310313738701806e+00 1.540876492707637091e+01
1.618859690178199306e+00 1.497910680007044704e+01
1.637624074521689010e+00 1.456114738711141143e+01
1.656605958949915136e+00 1.415457778186374505e+01
1.675807864530768798e+00 1.375909691690769776e+01
1.695232341554121502e+00 1.337441137500664112e+01
1.714881969870540868e+00 1.300023520459989079e+01
1.734759359233932541e+00 1.263628973943637490e+01
1.754867149648152047e+00 1.228230342226560090e+01
1.775208011717636092e+00 1.193801163250379460e+01
1.795784647002096834e+00 1.160315642869457164e+01
1.816599788375328650e+00 1.127748604704239632e+01
1.837656200388172456e+00 1.096075509172741924e+01
1.858956679635688225e+00 1.065272452160587768e+01
1.880504055128583429e+00 1.035316149179420719e+01
1.902301188668945819e+00 1.006183919897286216e+01
1.924350975230332272e+00 9.778536730377014763e+00
1.946656343342263229e+00 9.503038916391329138e+00
1.969220255479173565e+00 9.235136186667872948e+00
1.992045708453871189e+00 8.974624429687635185e+00
2.015135733815558439e+00 8.721304855687950663e+00
2.038493398252464228e+00 8.474983862879714280e+00
2.062121803999144465e+00 8.235472906879888200e+00
2.086024089248504687e+00 8.002588373286249279e+00
2.110203428568596440e+00 7.776151453323047136e+00
2.134663033324245340e+00 7.555988022487571953e+00
2.159406152103567678e+00 7.341928522129182788e+00
2.184436071149428393e+00 7.133807843893832157e+00
2.209756114795903059e+00 6.931465216968479837e+00
2.235369645909796699e+00 6.734744098061169026e+00
2.261280066337279404e+00 6.543492132081942358e+00
2.287490817355704031e+00 6.357561284852256023e+00
2.314005380130653933e+00 6.176807482680356287e+00
2.340827276178294447e+00 6.001090415379947807e+00
2.367960067833078774e+00 5.830273442539605000e+00
2.395407358720879287e+00 5.664223501991439313e+00
2.423172794237600680e+00 5.502811020417955667e+00
2.451260062033339793e+00 5.345909826051744140e+00
2.479672892502160053e+00 5.193397063423468296e+00
2.508415059277541381e+00 5.045153110114425132e+00
2.537490379733571721e+00 4.901061495470787399e+00
2.566902715491951703e+00 4.761008821237334487e+00
2.596655972934872381e+00 4.624884684069367147e+00
2.626754103723838440e+00 4.492581599882181642e+00
2.657201105324506596e+00 4.363994929998274763e+00
2.688001021537607560e+00 4.239022809053169638e+00
2.719157943036019098e+00 4.117566074621552552e+00
2.750676007908067433e+00 3.999528198526026479e+00
2.782559402207125832e+00 3.884815219791618368e+00
2.814812360507581435e+00 3.773335679209796734e+00
2.847439166467247595e+00 3.665000497456992523e+00
2.880444153396297668e+00 3.559722726025784212e+00
2.913831704832788638e+00 3.457417698190177635e+00
2.947606255124858521e+00 3.358003043082799621e+00
2.981772290019673477e+00 3.261398624888314224e+00
3.016334347259197468e+00 3.167526483602115750e+00
3.051297017182871052e+00 3.076310777318241207e+00
3.086664943337274369e+00 2.987677726008187040e+00
3.122442823092857811e+00 2.901555556753315557e+00
3.158635408267818967e+00 2.817874450394315833e+00
3.195247505759213791e+00 2.736566489562187510e+00
3.232283978181380579e+00 2.657565608055991291e+00
3.269749744511767808e+00 2.580807541533503890e+00
3.307649780744242651e+00 2.506229779481726094e+00
3.345989120549974771e+00 2.433771518434983960e+00
3.384772855945982872e+00 2.363373616409149225e+00
3.424006137971425723e+00 2.294978548521312334e+00
3.463694177371734462e+00 2.228530363764912980e+00
3.503842245290675894e+00 2.163974642911155488e+00
3.544455673970435594e+00 2.101258457508170086e+00
3.585539857459817181e+00 2.040330353748220027e+00
3.627100252330648367e+00 1.981140384109121966e+00
3.669142378402494131e+00 1.923639986073821362e+00
3.711671819475766743e+00 1.867781918609849656e+00
3.754694224073336972e+00 1.813520227394035178e+00
3.798215306190736218e+00 1.760810210913722917e+00
3.842240846055060999e+00 1.709608387423503739e+00
3.886776690892667752e+00 1.659872462737097987e+00
3.931828755705770284e+00 1.611561298834415457e+00
3.977403024058036696e+00 1.564634883264320653e+00
4.023505548869293236e+00 1.519054299324004154e+00
4.070142453219438572e+00 1.474781696996331881e+00
4.117319931161679492e+00 1.431780264626921095e+00
4.165044248545185290e+00 1.390014201323128917e+00
4.213321743847289191e+00 1.349448690057508227e+00
4.262158829015325168e+00 1.310049871458704995e+00
4.311561990318228510e+00 1.271784818273130613e+00
4.361537789208005833e+00 1.234621510481123785e+00
4.412092863191189984e+00 1.198528811051699172e+00
4.463233926710397093e+00 1.163476442320315218e+00
4.514967772036102112e+00 1.129434949948338485e+00
4.567301270168746541e+00 1.096375645018770939e+00
4.620241371751313331e+00 1.064270625966461159e+00
4.673795107992464004e+00 1.033092770191187837e+00
4.727969591600390764e+00 1.002815712730623421e+00
4.782772017727485725e+00 9.734138255044495480e-01
4.838209664925956943e+00 9.448621971147123100e-01
4.894289896114531579e+00 9.171366131878706529e-01
4.951020159556350997e+00 8.902135372443806816e-01
5.008407989848212338e+00 8.640700920820054698e-01
5.066461008921268494e+00 8.386840416593901448e-01
5.125186927053333008e+00 8.140337734667916214e-01
5.184593543892913381e+00 7.900982813711868724e-01
5.244688749495119318e+00 7.668571489232985927e-01
5.305480525369573819e+00 7.442905331144048509e-01
5.366976945540476329e+00 7.223791485711102967e-01
5.429186177618943177e+00 7.011042521765502578e-01
5.492116483887789613e+00 6.804476281068003729e-01
5.555776222398877806e+00 6.603915732715475162e-01
5.620173848083187984e+00 6.409188831484100568e-01
5.685317913873753071e+00 6.220128413335155315e-01
5.751217071841614015e+00 6.036572144602639911e-01
5.817880074344935259e+00 5.858362284281681820e-01
5.885315775191449994e+00 5.685345527944833943e-01
5.953533130814370189e+00 5.517372885725634335e-01
6.022541201461927507e+00 5.354299563568657438e-01
6.092349152400711176e+00 5.195984847661491157e-01
6.162966255132942273e+00 5.042291991966110221e-01
6.234401888627863819e+00 4.893088108769180211e-01
6.306665540567405692e+00 4.748244062172786717e-01
6.379766808606282424e+00 4.607634364449175735e-01
6.453715401646701544e+00 4.471137075184828946e-01
6.528521141127847649e+00 4.338633703141196452e-01
6.604193962330305645e+00 4.210009110761204210e-01
6.680743915695614987e+00 4.085151421252354864e-01
6.758181168161110364e+00 3.963951928179120787e-01
6.836516004510238886e+00 3.846305007498856954e-01
6.915758828738525210e+00 3.732108031977277030e-01
6.995920165435374649e+00 3.621261287921019867e-01
7.077010661181889262e+00 3.513667894165889427e-01
7.159041085964887863e+00 3.409233715396720599e-01
7.242022334607315592e+00 3.307867267480781304e-01
7.325965428215230446e+00 3.209479667087034027e-01
7.410881515641570161e+00 3.113984565202643773e-01
7.496781874966877091e+00 3.021298076211539341e-01
7.583677914997190683e+00 2.931338708914586477e-01
7.671581176779302069e+00 2.844027299439649270e-01
7.760503335133570602e+00 2.759286945991026863e-01
7.850456200204509294e+00 2.677042945389161432e-01
7.941451719029339884e+00 2.597222731352672453e-01
8.033501977124734239e+00 2.519755814476157263e-01
8.126619200091946382e+00 2.444573723858279868e-01
8.220815755240540312e+00 2.371609950335936967e-01
8.316104153230961415e+00 2.300799891281357923e-01
8.412497049736117560e+00 2.232080796920232202e-01
8.510007247122246099e+00 2.165391718129937026e-01
8.608647696149244410e+00 2.100673455678080948e-01
8.708431497690723333e+00 2.037868510862561322e-01
8.809371904473991322e+00 1.976921037515417534e-01
8.911482322840202031e+00 1.917776795332836737e-01
9.014776314524917566e+00 1.860383100645199017e-01
9.119267598459298796e+00 1.804688774247082128e-01
9.224970052592174952e+00 1.750644109831291373e-01
9.331897715733239451e+00 1.698200834909879553e-01
9.440064789417602853e+00 1.647312070105789172e-01
9.549485639791965852e+00 1.597932289579447052e-01
9.660174799522645017e+00 1.550017282559330578e-01
9.772146969725724830e+00 1.503524115946353323e-01
9.885417021919574054e+00 1.458411097962681313e-01
1.000000000000000000e+01 1.414637742816449162e-01
